Loci = 52
Genes = 20
Distinct Haplotypes = 6
Stationary = 0.55490
Haplotypes
0 0 0 1 1 1 0 0 1 1 0 0 1 0 1 0 0 1 1 1 1 0 1 0 0 0 0 0 0 0 1 0 0 1 1 1 1 0 0 0 0 1 1 1 0 1 0 0 1 1 0 0 14
0 1 0 0 0 0 1 0 0 0 1 0 0 1 0 1 1 0 0 0 0 0 0 0 1 1 1 0 1 0 0 1 0 0 0 0 0 0 0 0 1 0 0 0 0 0 1 1 0 0 0 1 1
0 0 0 1 1 1 0 0 1 1 0 1 1 0 1 0 0 1 1 1 1 0 1 0 0 0 0 0 0 0 1 0 0 1 1 1 1 0 0 1 0 1 1 1 0 1 0 0 1 1 0 0 1
0 0 0 1 1 1 0 0 1 1 0 0 1 0 1 0 0 1 1 1 1 1 1 0 0 0 0 0 0 0 1 0 0 1 1 1 1 0 0 0 0 1 1 1 0 1 0 0 1 1 0 0 1
0 0 1 0 1 1 0 1 0 0 0 0 1 0 1 0 0 1 1 0 1 0 0 1 0 0 0 1 0 1 0 0 0 1 1 0 1 1 1 0 0 1 1 0 1 1 0 0 0 0 1 0 2
0 0 0 1 1 1 0 0 1 1 0 0 1 0 1 0 0 1 1 1 1 0 1 0 0 0 0 0 0 0 1 0 1 1 1 1 1 0 0 0 0 1 1 1 0 1 0 0 1 1 0 0 1

Mutation
0.0 1.0 0.0 1.0

Positions
0.00 928.81 932.36 1799.97 3316.74 3326.82 3501.11 5106.76 6488.48 7666.92 7839.57 8617.03 9671.71 9771.47 10508.70 11992.39 12616.29 13015.76 13245.98 18095.22 18504.21 18990.16 21419.12 22495.61 24317.26 24688.49 27641.10 28051.51 29067.95 29287.96 30816.45 30997.79 31168.01 31485.88 31973.04 32716.19 33461.64 34544.85 34840.91 35576.24 37191.29 37266.72 37637.78 39097.92 40031.63 40237.73 41449.04 42341.44 45820.49 46859.52 48479.79 48501.00 
#