Loci = 476
Genes = 20
Distinct Haplotypes = 13
Stationary = 0.58137
Haplotypes
0 0 0 1 0 1 1 1 1 0 1 1 0 0 0 1 0 1 1 1 1 1 1 1 0 0 0 0 0 0 0 0 1 1 1 0 1 0 0 1 0 0 0 0 0 1 1 1 0 0 0 1 0 1 1 0 0 1 0 0 0 0 1 1 0 1 0 1 0 1 0 1 0 0 1 0 1 0 1 1 1 0 0 0 1 1 1 0 0 0 0 0 0 0 0 0 0 1 0 0 0 0 1 0 0 0 0 0 1 1 0 1 0 1 1 1 0 0 0 1 1 1 1 0 1 0 0 1 1 0 1 1 0 0 0 1 0 1 0 1 0 0 0 0 0 1 1 0 0 1 1 0 0 0 1 0 0 0 1 1 1 1 0 0 1 0 0 1 0 0 1 0 0 0 0 1 1 0 0 0 1 1 0 0 0 0 0 1 0 0 0 0 1 0 0 1 0 1 0 0 0 0 1 0 0 1 0 1 1 0 0 1 0 1 1 0 0 1 0 1 1 1 1 1 0 1 1 0 1 1 1 1 1 0 1 1 0 0 1 0 0 1 0 1 0 1 1 0 1 0 1 0 1 0 1 0 0 0 0 1 0 1 1 0 1 1 0 0 0 0 1 0 0 0 0 0 1 0 0 1 1 0 0 0 1 0 1 1 1 0 0 0 0 1 0 0 1 0 0 1 0 0 0 1 1 0 1 1 0 0 0 0 0 0 0 0 1 1 1 0 0 0 0 0 0 0 0 0 0 1 1 1 1 0 0 1 0 0 1 1 0 0 1 0 0 0 0 0 1 0 1 0 0 0 0 0 0 1 0 0 0 0 1 1 0 1 1 0 1 0 0 1 0 1 0 0 1 0 0 0 0 0 0 1 0 1 0 0 1 1 1 0 0 0 1 1 1 1 1 1 0 0 0 0 1 1 1 1 1 0 0 0 0 1 0 0 1 0 0 0 1 0 0 1 1 0 1 0 1 0 1 1 1 1 1 0 1 1 0 0 0 0 1 0 0 1 0 1 1 0 1 0 0 1 0 1 0 0 0 1 0 1 1 0 0 1 0 1 0 0 0 1 1 0 1 0 8
0 0 0 1 0 1 1 1 1 0 1 1 0 0 0 1 0 1 1 1 1 1 1 1 0 0 0 0 0 0 0 0 1 1 1 0 1 0 0 1 0 0 0 0 0 1 1 1 0 0 0 1 0 1 1 0 0 1 0 0 0 0 1 1 0 1 0 1 0 1 0 1 0 0 1 0 1 0 1 1 1 0 0 0 1 1 1 0 0 0 0 0 0 0 0 0 0 1 0 0 0 0 1 0 0 0 0 0 1 1 0 1 0 1 1 1 0 0 1 1 1 1 1 0 1 0 0 1 1 0 1 1 0 0 0 1 0 1 0 1 0 0 0 0 0 1 1 0 0 1 1 0 0 0 1 0 0 0 1 1 1 1 0 0 1 0 0 1 0 0 1 0 0 0 0 1 1 0 0 0 1 1 0 0 0 0 0 1 0 0 0 0 1 0 0 1 0 1 0 0 0 0 1 0 0 1 0 1 1 0 0 1 0 1 1 0 0 1 0 1 1 1 1 1 0 1 1 0 1 1 1 1 1 0 1 1 0 0 1 0 0 1 0 1 0 1 1 0 1 0 1 0 1 0 1 0 0 0 0 1 0 1 1 0 1 1 0 0 0 0 1 0 0 0 0 0 1 0 0 1 1 0 0 0 1 0 1 1 1 0 0 0 0 1 0 0 1 0 0 1 0 0 0 1 1 0 1 1 0 0 0 0 0 0 0 0 1 1 1 0 0 0 0 0 0 0 0 0 0 1 1 1 1 0 0 1 0 0 1 1 0 0 1 0 0 0 0 0 1 0 1 0 0 0 0 0 0 1 0 0 0 0 1 1 0 1 1 0 1 0 0 1 0 1 0 0 1 0 0 0 0 0 0 1 0 1 0 0 1 1 1 0 0 0 1 1 1 1 1 1 0 0 0 0 1 1 1 1 1 0 0 0 0 1 0 0 1 0 0 0 1 0 0 1 1 0 1 0 1 0 1 1 1 1 1 0 1 1 0 0 0 0 1 0 0 1 0 1 1 0 1 0 0 1 0 1 0 0 0 1 0 1 1 0 0 1 0 1 0 0 0 1 1 0 1 0 1
0 0 0 1 0 1 1 1 1 0 1 1 0 0 0 1 0 1 1 1 1 1 1 1 0 0 0 0 0 0 0 0 1 1 1 0 1 0 0 1 0 0 0 0 0 1 1 1 0 0 0 1 0 1 1 0 0 1 0 0 0 0 1 1 0 1 0 1 0 1 0 1 0 0 1 0 1 0 1 1 1 0 0 0 1 1 1 0 0 0 0 0 0 0 0 0 0 1 0 0 0 0 1 0 0 0 0 0 1 1 0 1 0 1 1 1 0 0 0 1 1 1 1 0 1 0 0 1 1 0 1 1 0 0 0 1 0 1 0 1 0 0 0 0 0 1 1 0 0 1 1 0 0 0 1 0 0 0 1 1 1 1 0 0 1 0 0 1 0 0 1 0 0 0 0 1 1 0 0 0 1 1 0 0 0 0 0 1 0 0 0 0 1 0 0 1 0 1 0 0 0 0 1 0 0 1 0 1 1 0 0 1 0 1 1 0 0 1 0 1 1 1 1 1 0 1 1 0 1 1 1 1 1 0 1 1 0 0 1 0 0 1 0 1 0 1 1 0 1 0 1 0 1 0 1 0 0 0 0 1 0 1 1 0 1 1 0 0 0 0 1 0 0 0 0 0 1 0 0 1 1 0 0 0 1 0 1 1 1 0 0 0 0 1 0 0 1 0 0 1 0 0 0 1 1 0 1 1 0 0 0 0 0 0 0 0 1 1 1 0 0 0 0 0 0 0 0 0 0 1 1 1 1 0 0 1 0 0 1 1 0 0 1 0 0 0 0 0 1 0 1 0 0 0 0 0 0 1 0 0 0 0 1 1 0 1 1 0 1 0 0 1 0 1 0 0 1 0 0 0 0 0 0 1 0 1 0 0 1 1 1 0 0 0 1 1 1 1 1 1 0 0 0 0 1 1 1 1 1 0 0 0 0 1 0 0 1 0 0 0 1 0 0 1 1 0 1 0 1 0 1 1 1 1 1 0 1 1 0 0 0 0 1 0 0 1 1 1 1 0 1 0 0 1 0 1 0 0 0 1 0 1 1 0 0 1 0 1 0 0 0 1 1 0 1 0 1
0 0 0 1 0 0 1 1 1 0 1 1 0 0 0 0 0 1 1 1 1 1 1 1 0 0 0 0 0 0 0 0 1 1 1 0 1 1 0 1 0 1 0 0 0 1 1 1 0 0 0 1 0 1 1 0 0 1 0 0 0 0 1 0 0 1 0 1 0 1 0 0 0 0 1 0 1 0 1 1 1 0 0 0 1 1 1 0 0 0 0 0 0 0 0 0 0 1 0 0 0 0 1 0 0 0 0 0 0 1 0 1 0 1 1 1 0 0 0 1 0 1 1 0 1 1 0 1 1 0 1 1 1 0 0 0 0 1 0 1 0 0 0 0 0 1 1 0 0 1 1 1 0 0 1 0 0 1 1 0 1 1 1 1 1 0 0 1 0 0 0 0 0 0 0 0 1 0 0 1 1 1 0 0 1 0 1 1 0 0 0 0 1 0 0 1 0 1 0 0 0 0 1 0 0 1 0 1 1 0 0 1 0 0 1 0 0 1 0 1 1 1 1 1 0 1 1 1 0 1 1 0 1 0 1 0 0 0 1 0 0 1 0 1 0 1 1 0 1 1 1 0 1 1 1 1 0 0 1 1 0 0 1 0 0 1 0 0 0 0 1 1 0 0 0 1 1 0 1 1 1 0 0 1 1 0 1 1 1 0 0 0 0 1 0 0 1 0 0 1 1 0 0 1 1 0 1 1 0 0 0 0 0 0 0 1 0 1 1 0 0 0 0 0 0 0 0 0 0 1 1 1 1 0 0 1 0 0 1 1 0 0 1 0 0 1 0 0 1 0 1 1 0 1 0 0 0 1 0 0 0 0 1 1 0 1 1 0 1 0 0 1 0 1 1 0 1 0 0 0 0 0 0 1 1 1 0 1 1 1 1 0 0 0 1 1 1 1 1 1 0 0 0 0 0 1 1 1 0 1 0 0 0 1 0 0 1 0 0 1 0 0 0 1 0 0 1 1 0 0 1 1 1 1 1 0 1 1 0 0 0 0 1 0 0 1 0 1 1 0 1 0 0 1 0 1 0 0 0 1 0 1 1 0 0 1 1 1 0 0 1 1 1 0 1 0 1
0 1 1 0 1 0 0 0 0 1 0 0 1 0 1 0 1 0 0 0 0 0 0 0 0 1 1 1 1 1 1 1 0 0 0 0 0 0 1 0 0 0 1 1 1 0 0 0 0 1 1 0 1 0 0 0 0 0 1 0 1 0 0 0 1 0 1 0 1 0 1 0 1 1 0 1 0 0 0 0 0 1 1 1 0 0 0 1 1 1 1 1 1 1 1 1 1 0 1 1 0 1 0 1 1 1 1 0 0 0 1 0 1 0 0 0 1 0 0 0 0 0 0 0 0 0 1 0 0 0 0 0 0 1 0 0 1 0 1 0 1 1 1 1 1 0 0 0 1 0 0 0 0 1 0 1 0 0 0 0 0 0 0 0 0 1 1 0 1 0 0 0 1 0 1 0 0 0 1 0 0 0 1 1 0 0 0 0 0 0 1 1 0 1 1 0 0 0 1 1 0 1 0 1 1 0 1 0 0 0 1 0 1 0 0 1 1 0 0 0 0 0 0 0 1 0 0 0 0 0 0 0 0 1 0 0 1 1 0 0 1 0 1 0 1 0 0 1 0 0 0 1 0 0 0 0 1 1 0 0 1 0 0 0 0 0 1 1 1 1 0 0 1 0 1 0 0 1 0 0 0 1 1 0 0 1 0 0 0 1 1 1 1 0 1 1 0 0 0 0 0 1 1 0 0 0 0 0 1 1 1 1 1 0 1 0 0 0 0 0 1 1 1 1 1 1 1 1 0 0 0 0 0 0 0 0 1 1 0 0 1 1 0 1 1 0 0 1 0 1 0 0 1 0 1 0 1 0 0 1 0 1 0 0 1 0 0 0 0 1 1 0 1 0 0 1 0 1 1 1 1 1 1 0 0 0 1 0 0 0 0 1 1 1 0 0 0 0 0 0 0 1 1 1 0 0 0 0 0 0 1 0 1 0 1 1 0 0 0 0 0 1 1 0 0 1 0 0 0 1 0 0 0 0 0 1 0 0 0 1 1 1 0 1 1 0 0 0 0 1 0 0 0 0 0 0 1 1 1 0 1 0 0 1 1 0 0 0 1 1 0 0 0 1 0 0 1
0 0 0 1 0 0 1 1 1 0 1 1 0 0 0 0 0 1 1 1 1 1 1 1 0 0 0 0 0 0 0 0 1 1 1 0 1 1 0 1 0 1 0 0 0 1 1 1 0 0 0 1 0 1 1 1 1 1 0 0 0 0 1 0 0 1 0 1 0 1 0 0 0 0 1 0 1 0 1 1 1 0 0 0 1 1 1 0 0 0 0 0 0 0 0 0 0 1 0 0 0 0 1 0 0 0 0 0 0 1 0 1 0 1 1 1 0 0 0 1 0 1 1 0 1 1 0 1 1 0 1 1 1 0 1 0 0 1 0 1 0 0 0 0 0 1 1 0 0 1 1 1 0 0 1 0 0 1 1 0 1 1 1 1 1 0 0 1 0 0 0 0 0 0 0 0 1 0 0 1 1 1 0 0 1 1 1 1 0 0 0 0 1 0 0 1 0 1 0 0 0 0 1 0 0 1 0 1 1 0 0 1 0 0 1 0 0 1 0 1 1 1 1 1 0 1 1 1 0 1 1 0 1 0 1 0 0 0 1 0 0 1 0 1 0 1 1 0 1 1 1 0 1 1 1 1 0 0 0 1 0 0 1 0 0 1 0 0 0 0 1 0 0 0 0 1 1 0 1 1 1 0 0 1 1 0 1 1 1 0 0 0 0 1 0 0 1 0 0 1 1 0 0 1 1 0 1 1 0 0 0 0 0 0 0 1 0 1 1 0 0 0 0 0 0 0 0 0 0 1 1 1 1 0 0 1 0 0 1 1 0 0 1 0 0 1 0 0 1 0 1 1 0 1 0 0 0 1 0 0 0 0 1 1 0 1 1 0 1 0 0 1 0 1 1 0 1 0 0 0 0 0 0 1 1 1 0 1 1 1 1 0 0 0 1 1 1 1 1 1 0 0 0 0 0 1 1 1 0 1 0 0 0 1 0 0 1 0 0 1 0 0 0 1 0 0 1 1 0 0 1 1 1 1 1 0 1 1 1 0 0 0 1 0 0 1 0 1 1 0 1 0 0 1 0 1 0 0 0 1 0 1 1 0 0 1 1 1 0 0 1 1 1 0 1 0 1
0 1 1 0 1 0 0 0 0 1 0 0 1 0 1 0 1 0 0 0 0 0 0 0 0 1 1 1 1 1 1 1 0 0 0 0 0 0 1 0 0 0 1 1 1 0 0 0 0 1 1 0 1 0 0 0 0 0 1 0 1 0 0 0 1 0 1 0 1 0 1 0 1 1 0 1 0 0 0 0 0 1 1 1 0 0 0 1 1 1 1 1 1 1 1 1 0 0 1 1 0 1 0 1 1 1 1 0 0 0 1 0 1 0 0 0 1 0 0 0 0 0 0 0 0 0 1 0 0 0 0 0 0 1 0 0 1 0 1 0 1 1 1 1 1 0 0 0 1 0 0 0 0 1 0 1 0 0 0 0 0 0 0 0 0 1 1 0 1 0 0 0 1 0 1 0 0 0 1 0 0 0 1 1 0 0 0 0 0 0 1 1 0 1 1 0 0 0 1 1 0 1 0 1 1 0 1 0 0 0 1 0 1 0 0 1 1 0 0 0 0 0 0 0 1 0 0 0 0 0 0 0 0 1 0 0 1 1 0 0 1 0 1 0 1 0 0 1 0 0 0 1 0 0 0 0 1 1 0 0 1 0 0 0 0 0 1 1 1 1 0 0 1 0 0 0 0 1 0 0 0 1 1 0 0 1 0 0 0 1 1 1 1 0 1 1 0 0 0 0 0 1 1 0 0 0 0 0 1 1 1 1 1 0 1 0 0 0 0 0 1 1 1 1 1 1 1 1 0 0 0 0 0 0 0 0 1 1 0 0 1 1 0 1 1 0 0 1 0 1 0 0 1 0 1 1 1 0 0 1 0 1 0 0 1 0 0 0 0 1 1 0 1 0 0 1 0 1 1 1 1 1 1 0 0 0 1 0 0 0 0 1 1 1 0 0 0 0 0 0 0 1 1 1 0 0 0 0 0 0 1 0 1 0 1 1 0 0 0 0 0 1 1 0 0 1 0 0 0 1 0 0 0 0 0 1 0 0 0 1 1 1 0 1 1 0 0 0 0 1 0 0 0 0 0 0 1 1 1 0 1 0 0 1 1 0 0 0 1 1 0 0 0 1 0 0 1
0 0 1 0 1 0 0 0 0 1 0 0 1 1 1 0 1 0 0 0 0 0 0 0 0 1 1 1 1 0 1 1 0 0 0 0 0 0 1 0 0 0 1 1 1 0 0 0 1 1 1 0 1 0 0 0 0 0 1 1 1 0 0 0 1 0 1 0 1 0 1 0 1 1 0 1 0 0 0 0 0 1 1 0 0 0 0 1 1 1 1 1 1 1 1 1 0 0 1 1 0 1 0 1 1 1 1 1 0 0 1 0 1 0 0 0 1 0 0 0 0 0 0 1 0 0 1 0 0 0 0 0 0 1 0 0 1 0 1 0 1 1 1 1 1 0 0 1 1 0 0 0 1 1 0 1 1 0 0 0 0 0 0 0 0 1 1 0 1 0 0 1 1 0 1 0 0 0 1 0 0 0 0 1 0 0 0 0 1 1 0 1 0 0 1 0 1 0 1 1 1 1 0 0 1 0 1 0 0 1 1 0 1 0 0 1 1 0 1 0 0 0 0 0 1 0 0 0 0 0 0 0 0 1 0 0 1 0 0 0 1 0 1 0 1 0 0 1 0 0 0 1 0 0 0 0 1 1 0 0 1 0 0 0 0 0 0 1 1 1 0 0 1 0 0 0 0 1 0 0 0 0 1 0 0 1 0 0 0 1 1 0 1 0 0 1 0 0 1 0 0 1 1 0 0 0 0 0 1 0 1 1 1 0 1 0 0 0 0 1 1 1 1 1 1 0 1 1 0 0 0 0 0 0 1 0 1 1 0 0 1 1 0 1 1 0 1 1 0 1 0 0 1 0 1 0 1 0 0 1 0 1 0 0 1 0 0 1 0 1 1 0 1 0 0 1 0 1 1 1 1 0 1 0 0 0 1 0 0 0 0 1 1 1 0 0 0 0 0 0 0 1 1 1 0 0 0 0 0 0 1 1 1 0 1 1 0 1 1 0 0 1 1 0 0 1 0 0 0 1 0 0 0 0 0 1 0 0 0 1 0 0 0 1 0 0 0 0 0 1 0 1 1 0 1 0 1 1 1 0 0 0 0 1 0 0 0 0 1 1 0 0 0 1 0 0 1
0 0 0 1 0 0 1 1 1 0 1 1 0 0 0 0 0 1 1 1 1 1 1 1 0 0 0 0 0 0 0 0 1 1 1 0 1 1 0 1 0 1 0 0 0 1 1 1 0 0 0 1 0 1 1 0 0 1 0 0 0 0 1 0 0 1 0 1 0 1 0 0 0 0 1 0 1 0 1 1 1 0 0 0 1 1 1 0 0 0 0 0 0 0 0 0 0 1 0 0 0 0 1 0 0 0 0 0 0 1 0 1 0 1 1 1 0 0 0 1 0 1 1 0 1 1 0 1 1 0 1 1 1 0 0 0 0 1 0 1 0 0 0 0 0 1 1 0 0 1 1 1 0 0 1 0 0 1 1 0 1 1 1 1 1 0 0 1 0 0 0 0 0 1 0 0 1 0 0 1 1 1 0 0 1 0 1 1 0 0 0 0 1 0 0 1 0 1 0 0 0 0 1 0 0 1 0 1 1 0 0 1 0 0 1 0 0 1 0 1 1 1 1 1 0 1 1 1 0 1 1 0 1 0 1 0 0 0 1 0 0 1 0 1 0 1 1 0 1 1 1 0 1 1 1 1 0 0 0 1 0 0 1 0 0 1 0 0 0 0 1 1 0 0 0 1 1 0 1 1 1 0 0 1 1 0 1 1 1 0 0 0 0 1 0 0 1 0 0 1 1 0 0 1 1 0 1 1 0 0 0 0 0 0 0 1 0 1 1 0 0 0 0 0 0 0 0 0 0 1 1 1 1 0 0 1 0 0 1 1 0 0 1 0 0 1 0 0 1 0 1 1 0 1 0 0 0 1 0 0 0 0 1 1 0 1 1 0 1 0 0 1 0 1 1 0 1 0 0 0 0 0 0 1 1 1 0 1 1 1 1 0 0 0 1 1 1 1 1 1 0 0 0 0 0 1 1 1 0 1 0 0 0 1 0 0 1 0 0 1 0 0 0 1 0 0 1 1 0 0 1 1 1 1 1 0 1 1 0 0 0 0 1 0 0 1 0 1 1 0 1 0 0 1 0 1 0 0 0 1 0 1 1 0 0 1 1 1 0 0 1 1 1 0 1 0 1
0 0 0 1 0 0 1 1 1 0 1 1 0 0 0 0 0 1 1 1 1 1 1 1 0 0 0 0 0 0 0 0 1 1 1 0 1 1 0 1 0 1 0 0 0 1 1 1 0 0 0 1 0 1 1 0 0 1 0 0 0 0 1 0 0 1 0 1 0 1 0 0 0 0 1 0 1 0 1 1 1 0 0 0 1 1 1 0 0 0 0 0 0 0 0 0 0 1 0 0 0 0 1 0 0 0 0 0 0 1 0 1 0 1 1 1 0 1 0 1 0 1 1 0 1 1 0 1 1 0 1 1 1 0 0 0 0 1 0 1 0 0 0 0 0 1 1 0 0 1 1 1 0 0 1 0 0 1 1 0 1 1 1 1 1 0 0 1 0 0 0 0 0 0 0 0 1 0 0 1 1 1 0 0 1 0 1 1 0 0 0 0 1 0 0 1 0 1 0 0 0 0 1 0 0 1 0 1 1 0 0 1 0 0 1 0 0 1 0 1 1 1 1 1 0 1 1 1 0 1 1 0 1 0 1 0 0 0 1 0 0 1 0 1 0 1 1 0 1 1 1 0 1 1 1 1 0 0 0 1 0 0 1 0 0 1 0 0 0 0 1 0 0 0 0 1 1 0 1 1 1 0 0 1 1 0 1 1 1 0 0 0 0 1 0 0 1 0 0 1 1 0 0 1 1 0 1 1 0 0 0 0 0 0 0 1 0 1 1 0 0 0 0 0 0 0 0 0 0 1 1 1 1 0 0 1 0 0 1 1 0 0 1 0 0 1 0 0 1 0 1 1 0 1 0 0 0 1 1 0 0 0 1 1 0 1 1 0 1 0 0 1 0 1 1 0 1 0 0 0 0 0 0 1 1 1 0 1 1 1 1 0 0 0 1 1 1 1 1 1 0 0 0 0 0 1 1 1 0 1 0 0 0 1 0 0 1 0 0 1 0 0 0 1 0 0 1 1 0 0 1 1 1 1 1 0 1 1 0 0 0 0 1 0 0 1 0 1 1 0 1 0 0 1 0 1 0 0 0 1 0 1 1 0 0 1 1 1 0 0 1 1 1 0 1 0 1
0 1 1 0 1 0 0 0 0 1 0 0 1 0 1 0 1 0 0 0 0 0 0 0 1 1 1 1 1 1 1 1 0 0 0 0 0 0 1 0 1 0 1 1 1 0 0 0 0 1 1 0 1 0 0 0 0 0 1 0 1 0 0 0 1 0 1 0 1 0 1 0 1 1 0 1 0 0 0 0 0 1 1 1 0 0 0 1 1 1 1 1 1 1 1 1 0 0 1 1 0 1 0 1 1 1 1 0 0 0 1 0 1 0 0 0 1 0 0 0 0 0 0 0 0 0 1 0 0 0 0 0 0 1 0 0 1 0 1 0 1 1 1 1 1 0 0 0 1 0 0 0 0 1 0 1 0 0 0 0 0 0 0 0 0 1 1 0 1 1 0 0 1 0 1 0 0 0 1 0 0 0 1 1 0 0 0 0 0 0 0 1 0 0 1 0 0 0 1 1 0 1 0 1 1 0 1 0 0 0 1 0 1 0 0 1 1 0 0 0 0 0 0 0 1 0 0 0 0 0 0 0 0 1 0 0 1 0 0 0 1 0 1 0 1 0 0 1 0 0 0 1 0 0 0 0 1 1 0 0 1 0 0 1 0 0 0 1 1 1 0 0 1 0 0 0 0 1 0 0 0 1 1 0 0 1 0 0 0 1 1 0 1 0 1 1 0 0 0 0 0 1 1 0 0 0 0 0 1 0 1 1 1 1 1 0 0 0 0 0 1 1 1 1 1 1 1 1 0 0 0 0 0 0 0 0 1 1 0 0 1 1 0 1 1 0 0 1 0 1 0 0 1 0 1 0 1 0 0 1 1 1 0 0 1 0 0 0 0 1 1 0 1 0 0 1 0 1 1 1 1 1 1 0 0 0 1 0 0 0 0 1 1 1 0 0 0 0 0 0 0 1 1 1 0 0 0 0 0 0 1 0 1 0 1 1 0 0 0 0 0 1 1 0 0 1 0 0 0 1 0 0 0 0 0 1 0 0 0 1 1 0 0 1 0 0 0 0 0 1 0 0 0 0 0 0 1 1 1 0 1 0 0 1 1 0 0 0 1 1 0 0 0 1 0 0 1
0 0 1 0 1 0 0 0 0 1 0 0 1 1 1 0 1 0 0 0 0 0 0 0 0 1 1 1 1 0 1 1 0 0 0 0 0 0 1 0 0 0 1 1 1 0 0 0 0 1 1 0 1 0 0 0 0 0 1 1 1 0 0 0 1 0 1 0 1 0 1 0 1 1 0 1 0 0 0 0 0 1 1 0 0 0 0 1 1 1 1 1 1 1 1 1 0 0 1 1 0 1 0 1 1 1 1 1 0 0 1 0 1 0 0 0 1 0 0 0 0 0 0 1 0 0 1 0 0 0 0 0 0 1 0 0 1 0 1 0 1 1 1 1 1 0 0 1 1 0 0 0 1 1 0 1 1 0 0 0 0 0 0 0 0 1 1 0 1 0 0 0 1 0 1 0 0 0 1 0 0 0 0 1 0 0 0 0 1 0 0 1 0 0 1 0 1 0 1 1 1 1 0 0 1 0 1 0 0 1 1 0 1 0 0 1 1 0 1 0 0 0 0 0 1 0 0 0 0 0 0 0 0 1 0 0 1 0 0 1 1 0 1 0 1 0 0 1 0 0 0 1 0 0 0 0 1 1 0 0 1 0 0 0 0 0 0 1 1 1 0 0 1 1 0 0 0 1 0 0 0 0 1 0 0 1 0 0 0 1 1 0 1 0 0 1 0 1 1 0 0 1 1 0 0 0 0 0 1 0 1 1 1 0 1 0 0 0 0 1 1 1 1 1 1 0 1 1 0 0 0 0 0 1 1 0 1 1 0 0 1 1 0 1 1 0 1 1 0 1 0 0 1 0 1 0 1 0 0 1 0 1 0 0 1 0 0 1 0 1 1 0 1 0 0 1 0 1 1 1 1 0 1 0 0 0 1 0 0 0 0 1 1 1 0 0 0 0 0 0 1 1 1 1 0 0 0 0 0 0 1 1 1 0 1 1 0 1 1 0 0 1 1 0 0 1 0 0 0 1 0 0 0 0 0 1 0 0 0 1 0 0 0 1 0 0 0 0 0 1 0 1 1 0 1 0 1 1 1 0 0 0 0 1 0 0 0 0 1 1 0 0 0 1 0 0 1
0 0 0 1 0 0 1 1 1 0 1 1 0 0 0 0 0 1 1 1 1 1 1 1 0 0 0 0 0 0 0 0 1 1 1 1 1 1 0 1 0 1 0 0 0 1 1 1 0 0 0 1 0 1 1 0 0 1 0 0 0 1 1 0 0 1 0 1 0 1 0 0 0 0 1 0 1 1 1 1 1 0 0 0 1 1 1 0 0 0 0 0 0 0 0 0 0 1 0 0 1 0 1 0 0 0 0 0 0 1 0 1 0 1 1 1 0 0 0 1 0 1 1 0 1 1 0 1 1 1 1 1 1 0 0 0 0 1 0 1 0 0 0 0 0 1 1 0 0 1 1 0 0 0 1 0 0 0 1 0 1 1 1 1 1 0 0 1 0 0 0 0 0 0 0 0 1 1 0 0 1 1 0 0 1 0 0 1 0 0 0 0 1 0 0 1 0 1 0 0 0 0 1 0 0 1 0 1 1 0 0 1 0 0 1 0 0 1 0 1 1 1 1 1 0 1 1 1 0 1 1 0 1 0 1 0 0 0 1 0 0 1 0 1 0 1 1 0 1 1 1 0 1 0 1 1 0 0 0 1 0 0 1 0 0 1 0 0 0 0 1 0 0 0 0 1 1 0 1 1 1 0 0 0 1 0 1 1 1 0 0 0 0 1 0 0 1 0 0 1 0 0 0 1 1 1 1 1 0 0 0 0 0 0 0 1 0 1 1 0 0 0 0 0 0 0 0 0 1 1 1 1 1 0 0 1 0 0 1 1 0 0 1 0 0 0 0 0 1 0 1 1 0 0 0 0 0 1 0 0 0 0 1 1 0 1 1 0 1 0 0 1 0 1 1 0 1 0 0 0 0 0 0 1 1 1 0 1 1 1 1 0 0 0 1 1 1 1 1 1 0 0 0 0 0 1 1 1 0 1 0 0 0 1 0 0 1 0 0 1 0 0 0 1 0 0 1 1 0 0 1 1 1 1 1 0 1 1 0 0 0 0 1 0 0 1 0 1 1 0 1 0 0 1 0 1 0 0 0 1 0 1 1 0 0 1 1 1 0 0 0 1 1 0 1 1 1

Mutation
0.0 1.0 0.0 1.0

Positions
0.0 2010.12 5066.40 15089.81 26199.19 44563.40 46742.89 51821.29 54443.68 63018.82 65681.77 91663.19 98875.50 107624.04 114575.63 119420.46 133139.44 136436.12 138030.07 138916.71 154745.02 161615.34 162131.63 185305.22 198417.51 224226.64 228305.84 236591.14 241500.06 269546.37 277296.61 280705.20 284647.17 284822.01 326858.59 331674.16 333624.97 341046.72 380944.05 391934.50 392599.85 398130.41 400518.25 402647.64 403918.65 407369.84 437411.06 467885.49 476539.06 532919.37 540326.63 545093.82 554601.84 566709.62 597285.24 620866.59 621354.81 628206.88 631050.52 632630.79 660805.71 685678.75 688313.69 696400.25 712591.68 717115.24 723459.53 727791.16 733757.40 733961.85 749657.45 766692.42 781084.16 787898.14 788650.33 799168.24 839916.45 861702.55 867150.84 873600.73 873829.38 882745.16 885805.80 920051.03 925651.98 938158.35 943183.98 943725.36 948029.73 961250.10 975187.46 994739.63 1001044.98 1001357.03 1013010.61 1015289.22 1016466.21 1019531.13 1032270.29 1038128.30 1050870.06 1053661.95 1059800.81 1068466.16 1070560.70 1083086.04 1087496.09 1091966.18 1093414.52 1101171.15 1106983.50 1107163.68 1132308.07 1136548.67 1139501.46 1144068.36 1158511.55 1164871.37 1180444.88 1201778.09 1207445.68 1236980.18 1238664.51 1243501.00 1249253.39 1261833.52 1307747.74 1310865.39 1321487.39 1324597.79 1333193.51 1335360.08 1351041.33 1370598.88 1395918.40 1407383.83 1448013.73 1450484.28 1477411.45 1486656.92 1500405.22 1519392.14 1522589.93 1543209.73 1551639.19 1552936.26 1557221.06 1568054.15 1568776.91 1571883.11 1572335.03 1586812.03 1586919.76 1596118.96 1599764.15 1607259.16 1613405.00 1622587.50 1629949.04 1666421.53 1693540.12 1712270.58 1713444.54 1716731.20 1744937.98 1760606.56 1762148.14 1765030.42 1767674.34 1772886.17 1772923.43 1782318.41 1785308.03 1786348.80 1797801.52 1809522.25 1832783.21 1850421.01 1850770.87 1855669.48 1856468.82 1877174.16 1882901.58 1885412.99 1889620.88 1899016.45 1900705.88 1905080.62 1910513.75 1939303.23 1950038.59 1964701.34 1974252.39 1974378.07 1975484.34 2004368.65 2007397.93 2011962.58 2021009.52 2031521.50 2054056.77 2056772.04 2067932.06 2100968.40 2127806.93 2132373.94 2138686.65 2143094.15 2143843.87 2151236.38 2155908.77 2167961.65 2176529.79 2204141.61 2209521.39 2230497.53 2246233.77 2250433.73 2254369.67 2258665.74 2262024.10 2264267.50 2284876.66 2287024.59 2290754.39 2292919.07 2325007.41 2328549.38 2335426.58 2343141.71 2370019.63 2375763.69 2384411.69 2390156.56 2390362.53 2401390.92 2422142.22 2429953.35 2460359.03 2468848.57 2470581.32 2486250.44 2539608.49 2542581.20 2551804.96 2555707.37 2561463.49 2563308.51 2586337.99 2595058.14 2595079.94 2595411.58 2610256.25 2613683.12 2619480.68 2638573.23 2639519.88 2653487.18 2665826.45 2668266.74 2669671.67 2671886.68 2693136.42 2694155.33 2701522.81 2704759.04 2747739.60 2755435.87 2769423.07 2770160.77 2792582.74 2798584.90 2802649.92 2805151.10 2840502.31 2844289.98 2853579.23 2862025.56 2862442.60 2871095.44 2883779.68 2889286.08 2892497.91 2898726.12 2907887.05 2926796.07 2967162.27 2971863.15 2978039.66 2985636.51 3004771.25 3021552.45 3025516.18 3035470.84 3060155.90 3076324.67 3092567.84 3099778.56 3109596.84 3112479.49 3116460.57 3123152.40 3125557.95 3132480.79 3141545.21 3148587.54 3163079.09 3168933.82 3191093.55 3207831.03 3219478.21 3221805.41 3245770.97 3255602.83 3295999.83 3313599.07 3317207.49 3320512.81 3343663.85 3353943.96 3358648.91 3361672.80 3362349.21 3368492.10 3372820.13 3395344.19 3402200.33 3434041.12 3435291.49 3451139.37 3454710.71 3463388.60 3484002.48 3484090.81 3490286.24 3509382.66 3521675.14 3530259.03 3546936.26 3555612.27 3556572.60 3576647.91 3584393.32 3614575.96 3616823.76 3640058.20 3642786.98 3646594.61 3650456.04 3658032.35 3659002.07 3665712.66 3666225.36 3684057.31 3700387.72 3719129.29 3722365.77 3734692.47 3735608.20 3736604.06 3740828.27 3744641.84 3749291.56 3750862.06 3771529.73 3774307.39 3774457.30 3775410.91 3791391.32 3795980.23 3796260.00 3831056.90 3836422.56 3837374.37 3854419.57 3868996.43 3869371.72 3894611.21 3910909.07 3935581.48 3937759.18 3939646.17 3951867.61 3979834.70 3988194.03 3993021.22 3998882.69 4010805.42 4014816.18 4015816.67 4019804.48 4038492.05 4045386.20 4049943.55 4063052.91 4081757.55 4084175.56 4095445.87 4120049.33 4121189.21 4144904.49 4151997.84 4174270.23 4176358.01 4193897.04 4219202.16 4221649.76 4229257.42 4235111.41 4274489.72 4279141.86 4291569.19 4296589.05 4297446.60 4301184.98 4309832.79 4311731.26 4319009.00 4322397.17 4399991.43 4428449.30 4436540.26 4452585.59 4455094.75 4481401.24 4495320.00 4507812.92 4519209.75 4519396.31 4523155.01 4523430.77 4527010.17 4529047.49 4546466.01 4553864.18 4573943.43 4576371.59 4582029.26 4582049.37 4586667.80 4593008.89 4593667.18 4601032.58 4617281.10 4630907.13 4659305.57 4662786.81 4684341.90 4694432.39 4726542.22 4737744.73 4739851.05 4750216.54 4755968.92 4764155.62 4797171.59 4830232.82 4840063.27 4847822.53 4863937.95 4868917.71 4876750.16 4879945.34 4880217.76 4883795.72 4912087.22 4914085.58 4921917.28 4928544.12 4940323.39 4943080.78 4948758.54 4949775.88 4964132.84 4983767.12 4986614.26 
#